16608888152054823925212842855857493336102948112848551901094011530
139815724212246285211874951888805183567149027516915230021703776174341210531620
181606244895322832067750612
175744596207467182539938497819959216221916371877358719475833389650
19239839901761363378187227884866901147663259164
34540390414484323314623860061084581578186469101713135317491682010828114261324
117294779178194758821159268601776047040
151875528286312000725293436647336222219105527851442659171
2015039630146958263013729199012893240399798327592716936721233670471729396745
1335563498712144485106657406023235211411453150112043467596147356763519192575
88761387890414557579946283145584059714943814105047668221645060976
19082095391159021610146320181905252943226530281194462454
518948921149253478896517852435848585160207806
1909563764349916805748084638
10121930115396716172058049248
185908897418285553806597427361508873579153294234213133237851872681939
213463327615733633932104335
1840777913119976034720504174736173800941006868473937269056
15349911981516701046171363869315854030471655511613140452976913663416955105257861333289723
869304157162044441413125421551794575480406558139207938714618200379191488876410
14010612441790051993201135182487675044193104277839258881291170023566836094
5518914338355430414667245181627711318
16460582701476541214
683393338
12440255591427113218520565942
21261943478724117315091753238775365781890762025885035641300154221268528938604808168
155595924020877884521328901875583579972123962337911997399881245577589728762262
91351818137493152118313421756098263738313356193368864621623991
1333606592688754551137085957666950608
610539114107688932154562790913604843181304682726
107306109074704540813869713851321179788176386213592639659038938480019631996981917005894837000111
2079312418178196464815951431422142170639118646551901714778
8813235781870476824188048689721495167518162390951481990474107771841733535255871232229
8166013131928683313310182137237728430
1599198139116982546612930632901822889614172127291511764980001541495086
62349684098278843287801406712907847748586599990991165542622620516738073131851830081
65961280288876956120156313791514920578137746128310428217481218272001
116103113616504411516047064851874410852212297976776671870
1728807189178501583138145079576569386513998636920504626251709016814940725182
573926878
1669046670
163324571556340898746248318263984338117266117951513185468